% 10
% Score #components [components] mutationId parentScore
337.0 1 337.0  0 10000.0
345.0 1 345.0  0 10000.0
348.0 1 348.0  0 10000.0
352.0 1 352.0  0 10000.0
340.0 1 340.0  0 10000.0
344.0 1 344.0  0 10000.0
342.0 1 342.0  0 10000.0
340.0 1 340.0  0 10000.0
344.0 1 344.0  0 10000.0
351.0 1 351.0  0 10000.0
332.0 1 332.0  0 10000.0
342.0 1 342.0  1 10000.0
337.0 1 337.0  2 10000.0
345.0 1 345.0  3 10000.0
348.0 1 348.0  4 10000.0
288.0 1 288.0  5 10000.0
339.0 1 339.0  6 10000.0
342.0 1 342.0  7 10000.0
344.0 1 344.0  8 10000.0
346.0 1 346.0  9 10000.0
302.0 1 302.0  0 10000.0

277.0 1 277.0  5 10000.0
302.0 1 302.0  0 10000.0
346.0 1 346.0  0 10000.0
349.0 1 349.0  2 10000.0
348.0 1 348.0  0 10000.0
342.0 1 342.0  6 10000.0
330.0 1 330.0  0 10000.0
344.0 1 344.0  0 10000.0
340.0 1 340.0  7 10000.0
340.0 1 340.0  1 10000.0
275.0 1 275.0  0 288.0
293.0 1 293.0  1 288.0
280.0 1 280.0  2 288.0
290.0 1 290.0  3 288.0
337.0 1 337.0  4 288.0
341.0 1 341.0  5 288.0
342.0 1 342.0  6 288.0
343.0 1 343.0  7 288.0
291.0 1 291.0  8 288.0
289.0 1 289.0  9 288.0
340.0 1 340.0  0 10000.0

287.0 1 287.0  0 288.0
281.0 1 281.0  5 10000.0
304.0 1 304.0  2 288.0
282.0 1 282.0  9 288.0
275.0 1 275.0  3 288.0
285.0 1 285.0  8 288.0
290.0 1 290.0  1 288.0
295.0 1 295.0  0 10000.0
340.0 1 340.0  0 10000.0
348.0 1 348.0  4 288.0
289.0 1 289.0  0 275.0
338.0 1 338.0  1 275.0
305.0 1 305.0  2 275.0
281.0 1 281.0  3 275.0
289.0 1 289.0  4 275.0
341.0 1 341.0  5 275.0
344.0 1 344.0  6 275.0
292.0 1 292.0  7 275.0
294.0 1 294.0  8 275.0
237.0 1 237.0  9 275.0
305.0 1 305.0  0 10000.0

242.0 1 242.0  9 275.0
290.0 1 290.0  3 288.0
278.0 1 278.0  3 275.0
279.0 1 279.0  5 10000.0
278.0 1 278.0  9 288.0
284.0 1 284.0  8 288.0
294.0 1 294.0  0 288.0
264.0 1 264.0  4 275.0
292.0 1 292.0  0 275.0
295.0 1 295.0  1 288.0
239.0 1 239.0  0 237.0
254.0 1 254.0  1 237.0
253.0 1 253.0  2 237.0
235.0 1 235.0  3 237.0
284.0 1 284.0  4 237.0
288.0 1 288.0  5 237.0
162.0 1 162.0  6 237.0
254.0 1 254.0  7 237.0
234.0 1 234.0  8 237.0
161.0 1 161.0  9 237.0
338.0 1 338.0  0 10000.0

166.0 1 166.0  9 237.0
151.0 1 151.0  6 237.0
224.0 1 224.0  8 237.0
255.0 1 255.0  3 237.0
227.0 1 227.0  0 237.0
251.0 1 251.0  9 275.0
254.0 1 254.0  2 237.0
250.0 1 250.0  7 237.0
238.0 1 238.0  1 237.0
291.0 1 291.0  4 275.0
164.0 1 164.0  0 161.0
150.0 1 150.0  1 161.0
175.0 1 175.0  2 161.0
162.0 1 162.0  3 161.0
173.0 1 173.0  4 161.0
300.0 1 300.0  5 161.0
205.0 1 205.0  6 161.0
178.0 1 178.0  7 161.0
164.0 1 164.0  8 161.0
150.0 1 150.0  9 161.0
343.0 1 343.0  0 10000.0

159.0 1 159.0  9 161.0
174.0 1 174.0  1 161.0
166.0 1 166.0  6 237.0
153.0 1 153.0  3 161.0
164.0 1 164.0  8 161.0
137.0 1 137.0  0 161.0
152.0 1 152.0  9 237.0
172.0 1 172.0  4 161.0
142.0 1 142.0  2 161.0
163.0 1 163.0  7 161.0
161.0 1 161.0  0 150.0
170.0 1 170.0  1 150.0
160.0 1 160.0  2 150.0
159.0 1 159.0  3 150.0
279.0 1 279.0  4 150.0
296.0 1 296.0  5 150.0
292.0 1 292.0  6 150.0
205.0 1 205.0  7 150.0
59.0 1 59.0  8 150.0
263.0 1 263.0  9 150.0
348.0 1 348.0  0 10000.0

67.0 1 67.0  8 150.0
141.0 1 141.0  0 161.0
173.0 1 173.0  2 161.0
161.0 1 161.0  9 237.0
172.0 1 172.0  3 161.0
170.0 1 170.0  3 150.0
163.0 1 163.0  9 161.0
173.0 1 173.0  2 150.0
165.0 1 165.0  0 150.0
154.0 1 154.0  7 161.0
63.0 1 63.0  0 59.0
69.0 1 69.0  1 59.0
59.0 1 59.0  2 59.0
75.0 1 75.0  3 59.0
58.0 1 58.0  4 59.0
91.0 1 91.0  5 59.0
84.0 1 84.0  6 59.0
61.0 1 61.0  7 59.0
69.0 1 69.0  8 59.0
54.0 1 54.0  9 59.0
348.0 1 348.0  0 10000.0

62.0 1 62.0  9 59.0
72.0 1 72.0  4 59.0
67.0 1 67.0  2 59.0
76.0 1 76.0  7 59.0
74.0 1 74.0  0 59.0
66.0 1 66.0  8 150.0
64.0 1 64.0  8 59.0
56.0 1 56.0  1 59.0
71.0 1 71.0  3 59.0
73.0 1 73.0  6 59.0
64.0 1 64.0  0 54.0
73.0 1 73.0  1 54.0
71.0 1 71.0  2 54.0
69.0 1 69.0  3 54.0
61.0 1 61.0  4 54.0
47.0 1 47.0  5 54.0
80.0 1 80.0  6 54.0
61.0 1 61.0  7 54.0
64.0 1 64.0  8 54.0
67.0 1 67.0  9 54.0
338.0 1 338.0  0 10000.0

72.0 1 72.0  5 54.0
59.0 1 59.0  1 59.0
69.0 1 69.0  7 54.0
74.0 1 74.0  4 54.0
62.0 1 62.0  9 59.0
64.0 1 64.0  8 54.0
78.0 1 78.0  0 54.0
62.0 1 62.0  8 59.0
61.0 1 61.0  8 150.0
68.0 1 68.0  9 54.0
59.0 1 59.0  0 47.0
60.0 1 60.0  1 47.0
67.0 1 67.0  2 47.0
65.0 1 65.0  3 47.0
68.0 1 68.0  4 47.0
65.0 1 65.0  5 47.0
70.0 1 70.0  6 47.0
55.0 1 55.0  7 47.0
66.0 1 66.0  8 47.0
98.0 1 98.0  9 47.0
339.0 1 339.0  0 10000.0

60.0 1 60.0  7 47.0
81.0 1 81.0  0 47.0
70.0 1 70.0  1 59.0
68.0 1 68.0  1 47.0
68.0 1 68.0  8 150.0
68.0 1 68.0  8 59.0
64.0 1 64.0  9 59.0
64.0 1 64.0  8 54.0
70.0 1 70.0  5 47.0
70.0 1 70.0  3 47.0
68.0 1 68.0  0 55.0
69.0 1 69.0  1 55.0
63.0 1 63.0  2 55.0
81.0 1 81.0  3 55.0
61.0 1 61.0  4 55.0
53.0 1 53.0  5 55.0
54.0 1 54.0  6 55.0
59.0 1 59.0  7 55.0
279.0 1 279.0  8 55.0
72.0 1 72.0  9 55.0
349.0 1 349.0  0 10000.0

65.0 1 65.0  5 55.0
69.0 1 69.0  6 55.0
51.0 1 51.0  7 55.0
70.0 1 70.0  7 47.0
71.0 1 71.0  4 55.0
62.0 1 62.0  2 55.0
49.0 1 49.0  8 54.0
68.0 1 68.0  9 59.0
60.0 1 60.0  0 55.0
87.0 1 87.0  8 59.0
62.0 1 62.0  0 53.0
79.0 1 79.0  1 53.0
65.0 1 65.0  2 53.0
50.0 1 50.0  3 53.0
70.0 1 70.0  4 53.0
69.0 1 69.0  5 53.0
78.0 1 78.0  6 53.0
85.0 1 85.0  7 53.0
75.0 1 75.0  8 53.0
71.0 1 71.0  9 53.0
341.0 1 341.0  0 10000.0

83.0 1 83.0  8 54.0
61.0 1 61.0  3 53.0
70.0 1 70.0  7 55.0
80.0 1 80.0  0 55.0
69.0 1 69.0  0 53.0
63.0 1 63.0  2 55.0
64.0 1 64.0  2 53.0
70.0 1 70.0  5 55.0
57.0 1 57.0  9 59.0
69.0 1 69.0  5 53.0
53.0 1 53.0  0 49.0
70.0 1 70.0  1 49.0
60.0 1 60.0  2 49.0
66.0 1 66.0  3 49.0
58.0 1 58.0  4 49.0
72.0 1 72.0  5 49.0
70.0 1 70.0  6 49.0
68.0 1 68.0  7 49.0
76.0 1 76.0  8 49.0
55.0 1 55.0  9 49.0
331.0 1 331.0  0 10000.0

59.0 1 59.0  0 49.0
73.0 1 73.0  9 49.0
67.0 1 67.0  9 59.0
63.0 1 63.0  4 49.0
59.0 1 59.0  2 49.0
56.0 1 56.0  3 53.0
76.0 1 76.0  2 55.0
60.0 1 60.0  2 53.0
71.0 1 71.0  3 49.0
77.0 1 77.0  7 49.0
209.0 1 209.0  0 53.0
323.0 1 323.0  1 53.0
66.0 1 66.0  2 53.0
64.0 1 64.0  3 53.0
68.0 1 68.0  4 53.0
62.0 1 62.0  5 53.0
68.0 1 68.0  6 53.0
70.0 1 70.0  7 53.0
283.0 1 283.0  8 53.0
143.0 1 143.0  9 53.0
341.0 1 341.0  0 10000.0

68.0 1 68.0  3 53.0
58.0 1 58.0  2 49.0
67.0 1 67.0  0 49.0
65.0 1 65.0  2 53.0
62.0 1 62.0  5 53.0
52.0 1 52.0  4 49.0
67.0 1 67.0  3 53.0
61.0 1 61.0  2 53.0
55.0 1 55.0  9 59.0
56.0 1 56.0  6 53.0
58.0 1 58.0  0 56.0
73.0 1 73.0  1 56.0
69.0 1 69.0  2 56.0
67.0 1 67.0  3 56.0
75.0 1 75.0  4 56.0
54.0 1 54.0  5 56.0
48.0 1 48.0  6 56.0
62.0 1 62.0  7 56.0
73.0 1 73.0  8 56.0
64.0 1 64.0  9 56.0
343.0 1 343.0  0 10000.0

70.0 1 70.0  6 56.0
73.0 1 73.0  4 49.0
65.0 1 65.0  5 56.0
64.0 1 64.0  9 59.0
62.0 1 62.0  6 53.0
71.0 1 71.0  0 56.0
72.0 1 72.0  2 49.0
61.0 1 61.0  2 53.0
71.0 1 71.0  7 56.0
59.0 1 59.0  5 53.0
66.0 1 66.0  0 48.0
75.0 1 75.0  1 48.0
61.0 1 61.0  2 48.0
68.0 1 68.0  3 48.0
70.0 1 70.0  4 48.0
66.0 1 66.0  5 48.0
71.0 1 71.0  6 48.0
54.0 1 54.0  7 48.0
342.0 1 342.0  8 48.0
82.0 1 82.0  9 48.0
339.0 1 339.0  0 10000.0

72.0 1 72.0  7 48.0
63.0 1 63.0  5 53.0
66.0 1 66.0  2 48.0
54.0 1 54.0  2 53.0
63.0 1 63.0  6 53.0
65.0 1 65.0  9 59.0
62.0 1 62.0  5 56.0
55.0 1 55.0  5 48.0
74.0 1 74.0  0 48.0
59.0 1 59.0  3 48.0
87.0 1 87.0  0 54.0
72.0 1 72.0  1 54.0
68.0 1 68.0  2 54.0
62.0 1 62.0  3 54.0
63.0 1 63.0  4 54.0
67.0 1 67.0  5 54.0
71.0 1 71.0  6 54.0
68.0 1 68.0  7 54.0
347.0 1 347.0  8 54.0
56.0 1 56.0  9 54.0
344.0 1 344.0  0 10000.0

62.0 1 62.0  2 53.0
69.0 1 69.0  5 48.0
56.0 1 56.0  9 54.0
70.0 1 70.0  3 48.0
62.0 1 62.0  3 54.0
74.0 1 74.0  5 56.0
70.0 1 70.0  4 54.0
66.0 1 66.0  6 53.0
64.0 1 64.0  5 53.0
57.0 1 57.0  9 59.0
67.0 1 67.0  0 54.0
69.0 1 69.0  1 54.0
66.0 1 66.0  2 54.0
66.0 1 66.0  3 54.0
69.0 1 69.0  4 54.0
62.0 1 62.0  5 54.0
68.0 1 68.0  6 54.0
67.0 1 67.0  7 54.0
56.0 1 56.0  8 54.0
282.0 1 282.0  9 54.0
337.0 1 337.0  0 10000.0

57.0 1 57.0  8 54.0
71.0 1 71.0  9 54.0
71.0 1 71.0  9 59.0
60.0 1 60.0  5 54.0
56.0 1 56.0  3 54.0
83.0 1 83.0  2 53.0
66.0 1 66.0  5 53.0
70.0 1 70.0  3 54.0
66.0 1 66.0  2 54.0
66.0 1 66.0  6 53.0
69.0 1 69.0  0 56.0
78.0 1 78.0  1 56.0
71.0 1 71.0  2 56.0
63.0 1 63.0  3 56.0
58.0 1 58.0  4 56.0
67.0 1 67.0  5 56.0
70.0 1 70.0  6 56.0
51.0 1 51.0  7 56.0
69.0 1 69.0  8 56.0
66.0 1 66.0  9 56.0
346.0 1 346.0  0 10000.0

56.0 1 56.0  7 56.0
59.0 1 59.0  3 54.0
69.0 1 69.0  8 54.0
68.0 1 68.0  4 56.0
76.0 1 76.0  5 54.0
74.0 1 74.0  3 56.0
60.0 1 60.0  9 56.0
63.0 1 63.0  6 53.0
67.0 1 67.0  2 54.0
66.0 1 66.0  5 53.0
68.0 1 68.0  0 51.0
68.0 1 68.0  1 51.0
345.0 1 345.0  2 51.0
76.0 1 76.0  3 51.0
65.0 1 65.0  4 51.0
61.0 1 61.0  5 51.0
76.0 1 76.0  6 51.0
58.0 1 58.0  7 51.0
57.0 1 57.0  8 51.0
61.0 1 61.0  9 51.0
338.0 1 338.0  0 10000.0

68.0 1 68.0  7 56.0
60.0 1 60.0  8 51.0
67.0 1 67.0  7 51.0
69.0 1 69.0  3 54.0
52.0 1 52.0  9 56.0
67.0 1 67.0  9 51.0
67.0 1 67.0  5 51.0
66.0 1 66.0  6 53.0
74.0 1 74.0  4 51.0
60.0 1 60.0  5 53.0
70.0 1 70.0  0 56.0
72.0 1 72.0  1 56.0
61.0 1 61.0  2 56.0
67.0 1 67.0  3 56.0
54.0 1 54.0  4 56.0
75.0 1 75.0  5 56.0
53.0 1 53.0  6 56.0
63.0 1 63.0  7 56.0
60.0 1 60.0  8 56.0
66.0 1 66.0  9 56.0
281.0 1 281.0  0 10000.0

68.0 1 68.0  9 56.0
72.0 1 72.0  6 56.0
67.0 1 67.0  4 56.0
56.0 1 56.0  8 56.0
68.0 1 68.0  5 53.0
54.0 1 54.0  8 51.0
66.0 1 66.0  2 56.0
64.0 1 64.0  7 56.0
50.0 1 50.0  9 56.0
60.0 1 60.0  6 53.0
89.0 1 89.0  0 52.0
64.0 1 64.0  1 52.0
66.0 1 66.0  2 52.0
67.0 1 67.0  3 52.0
69.0 1 69.0  4 52.0
314.0 1 314.0  5 52.0
90.0 1 90.0  6 52.0
57.0 1 57.0  7 52.0
58.0 1 58.0  8 52.0
309.0 1 309.0  9 52.0
346.0 1 346.0  0 10000.0

68.0 1 68.0  9 56.0
56.0 1 56.0  8 51.0
70.0 1 70.0  8 56.0
75.0 1 75.0  7 52.0
64.0 1 64.0  8 52.0
57.0 1 57.0  6 53.0
75.0 1 75.0  1 52.0
71.0 1 71.0  7 56.0
69.0 1 69.0  2 52.0
74.0 1 74.0  2 56.0
60.0 1 60.0  0 50.0
55.0 1 55.0  1 50.0
341.0 1 341.0  2 50.0
72.0 1 72.0  3 50.0
65.0 1 65.0  4 50.0
55.0 1 55.0  5 50.0
62.0 1 62.0  6 50.0
63.0 1 63.0  7 50.0
79.0 1 79.0  8 50.0
66.0 1 66.0  9 50.0
345.0 1 345.0  0 10000.0

63.0 1 63.0  5 50.0
62.0 1 62.0  1 50.0
59.0 1 59.0  8 51.0
75.0 1 75.0  6 53.0
50.0 1 50.0  0 50.0
69.0 1 69.0  6 50.0
66.0 1 66.0  7 50.0
65.0 1 65.0  8 52.0
73.0 1 73.0  4 50.0
71.0 1 71.0  9 50.0
95.0 1 95.0  0 55.0
67.0 1 67.0  1 55.0
61.0 1 61.0  2 55.0
80.0 1 80.0  3 55.0
57.0 1 57.0  4 55.0
53.0 1 53.0  5 55.0
67.0 1 67.0  6 55.0
69.0 1 69.0  7 55.0
67.0 1 67.0  8 55.0
62.0 1 62.0  9 55.0
342.0 1 342.0  0 10000.0

68.0 1 68.0  0 50.0
83.0 1 83.0  5 55.0
61.0 1 61.0  4 55.0
59.0 1 59.0  8 51.0
49.0 1 49.0  2 55.0
68.0 1 68.0  9 55.0
54.0 1 54.0  1 50.0
68.0 1 68.0  5 50.0
71.0 1 71.0  8 52.0
67.0 1 67.0  7 50.0
70.0 1 70.0  0 50.0
60.0 1 60.0  1 50.0
353.0 1 353.0  2 50.0
62.0 1 62.0  3 50.0
82.0 1 82.0  4 50.0
61.0 1 61.0  5 50.0
57.0 1 57.0  6 50.0
52.0 1 52.0  7 50.0
62.0 1 62.0  8 50.0
56.0 1 56.0  9 50.0
335.0 1 335.0  0 10000.0

52.0 1 52.0  2 55.0
74.0 1 74.0  7 50.0
51.0 1 51.0  1 50.0
61.0 1 61.0  9 50.0
78.0 1 78.0  6 50.0
69.0 1 69.0  8 51.0
66.0 1 66.0  1 50.0
66.0 1 66.0  5 50.0
63.0 1 63.0  4 55.0
70.0 1 70.0  8 50.0
76.0 1 76.0  0 49.0
74.0 1 74.0  1 49.0
348.0 1 348.0  2 49.0
75.0 1 75.0  3 49.0
65.0 1 65.0  4 49.0
56.0 1 56.0  5 49.0
70.0 1 70.0  6 49.0
62.0 1 62.0  7 49.0
54.0 1 54.0  8 49.0
63.0 1 63.0  9 49.0
346.0 1 346.0  0 10000.0

63.0 1 63.0  1 50.0
64.0 1 64.0  2 55.0
69.0 1 69.0  8 49.0
57.0 1 57.0  5 49.0
70.0 1 70.0  9 50.0
55.0 1 55.0  7 49.0
56.0 1 56.0  9 49.0
61.0 1 61.0  4 55.0
73.0 1 73.0  4 49.0
70.0 1 70.0  5 50.0
57.0 1 57.0  0 51.0
325.0 1 325.0  1 51.0
61.0 1 61.0  2 51.0
58.0 1 58.0  3 51.0
64.0 1 64.0  4 51.0
64.0 1 64.0  5 51.0
71.0 1 71.0  6 51.0
76.0 1 76.0  7 51.0
65.0 1 65.0  8 51.0
145.0 1 145.0  9 51.0
344.0 1 344.0  0 10000.0

84.0 1 84.0  7 49.0
62.0 1 62.0  9 49.0
69.0 1 69.0  0 51.0
68.0 1 68.0  5 49.0
59.0 1 59.0  3 51.0
64.0 1 64.0  2 51.0
64.0 1 64.0  4 55.0
67.0 1 67.0  1 50.0
83.0 1 83.0  5 51.0
53.0 1 53.0  4 51.0
111.0 1 111.0  0 55.0
86.0 1 86.0  1 55.0
351.0 1 351.0  2 55.0
65.0 1 65.0  3 55.0
66.0 1 66.0  4 55.0
76.0 1 76.0  5 55.0
66.0 1 66.0  6 55.0
70.0 1 70.0  7 55.0
68.0 1 68.0  8 55.0
71.0 1 71.0  9 55.0
347.0 1 347.0  0 10000.0

63.0 1 63.0  4 51.0
68.0 1 68.0  3 51.0
51.0 1 51.0  9 49.0
61.0 1 61.0  4 55.0
57.0 1 57.0  2 51.0
59.0 1 59.0  3 55.0
58.0 1 58.0  6 55.0
67.0 1 67.0  4 55.0
56.0 1 56.0  1 50.0
50.0 1 50.0  8 55.0
62.0 1 62.0  0 53.0
59.0 1 59.0  1 53.0
345.0 1 345.0  2 53.0
71.0 1 71.0  3 53.0
59.0 1 59.0  4 53.0
71.0 1 71.0  5 53.0
61.0 1 61.0  6 53.0
66.0 1 66.0  7 53.0
70.0 1 70.0  8 53.0
73.0 1 73.0  9 53.0
337.0 1 337.0  0 10000.0

76.0 1 76.0  8 55.0
62.0 1 62.0  9 49.0
68.0 1 68.0  1 50.0
71.0 1 71.0  2 51.0
84.0 1 84.0  6 55.0
69.0 1 69.0  4 53.0
65.0 1 65.0  1 53.0
65.0 1 65.0  3 55.0
70.0 1 70.0  6 53.0
64.0 1 64.0  4 55.0
74.0 1 74.0  0 50.0
182.0 1 182.0  1 50.0
343.0 1 343.0  2 50.0
55.0 1 55.0  3 50.0
66.0 1 66.0  4 50.0
56.0 1 56.0  5 50.0
60.0 1 60.0  6 50.0
55.0 1 55.0  7 50.0
71.0 1 71.0  8 50.0
51.0 1 51.0  9 50.0
341.0 1 341.0  0 10000.0

65.0 1 65.0  9 50.0
74.0 1 74.0  7 50.0
66.0 1 66.0  3 50.0
67.0 1 67.0  5 50.0
69.0 1 69.0  6 50.0
69.0 1 69.0  9 49.0
64.0 1 64.0  4 55.0
62.0 1 62.0  3 55.0
67.0 1 67.0  1 53.0
60.0 1 60.0  4 50.0
77.0 1 77.0  0 51.0
59.0 1 59.0  1 51.0
52.0 1 52.0  2 51.0
63.0 1 63.0  3 51.0
60.0 1 60.0  4 51.0
67.0 1 67.0  5 51.0
65.0 1 65.0  6 51.0
64.0 1 64.0  7 51.0
73.0 1 73.0  8 51.0
61.0 1 61.0  9 51.0
341.0 1 341.0  0 10000.0

57.0 1 57.0  2 51.0
71.0 1 71.0  1 51.0
50.0 1 50.0  4 51.0
75.0 1 75.0  4 50.0
67.0 1 67.0  9 51.0
74.0 1 74.0  3 55.0
57.0 1 57.0  3 51.0
64.0 1 64.0  7 51.0
59.0 1 59.0  4 55.0
75.0 1 75.0  6 51.0
101.0 1 101.0  0 52.0
76.0 1 76.0  1 52.0
54.0 1 54.0  2 52.0
60.0 1 60.0  3 52.0
63.0 1 63.0  4 52.0
49.0 1 49.0  5 52.0
66.0 1 66.0  6 52.0
63.0 1 63.0  7 52.0
64.0 1 64.0  8 52.0
56.0 1 56.0  9 52.0
352.0 1 352.0  0 10000.0

69.0 1 69.0  5 52.0
70.0 1 70.0  4 51.0
61.0 1 61.0  2 52.0
69.0 1 69.0  9 52.0
61.0 1 61.0  3 51.0
66.0 1 66.0  2 51.0
72.0 1 72.0  4 55.0
51.0 1 51.0  3 52.0
63.0 1 63.0  7 52.0
62.0 1 62.0  4 52.0
51.0 1 51.0  0 49.0
55.0 1 55.0  1 49.0
46.0 1 46.0  2 49.0
73.0 1 73.0  3 49.0
53.0 1 53.0  4 49.0
74.0 1 74.0  5 49.0
80.0 1 80.0  6 49.0
66.0 1 66.0  7 49.0
81.0 1 81.0  8 49.0
82.0 1 82.0  9 49.0
347.0 1 347.0  0 10000.0

81.0 1 81.0  2 49.0
43.0 1 43.0  0 49.0
71.0 1 71.0  3 52.0
73.0 1 73.0  4 49.0
57.0 1 57.0  1 49.0
55.0 1 55.0  3 51.0
69.0 1 69.0  2 52.0
75.0 1 75.0  4 52.0
68.0 1 68.0  7 52.0
71.0 1 71.0  7 49.0
74.0 1 74.0  0 46.0
73.0 1 73.0  1 46.0
74.0 1 74.0  2 46.0
74.0 1 74.0  3 46.0
74.0 1 74.0  4 46.0
63.0 1 63.0  5 46.0
62.0 1 62.0  6 46.0
76.0 1 76.0  7 46.0
83.0 1 83.0  8 46.0
57.0 1 57.0  9 46.0
340.0 1 340.0  0 10000.0

56.0 1 56.0  0 49.0
76.0 1 76.0  3 51.0
73.0 1 73.0  9 46.0
81.0 1 81.0  1 49.0
54.0 1 54.0  6 46.0
64.0 1 64.0  5 46.0
69.0 1 69.0  7 52.0
50.0 1 50.0  2 52.0
69.0 1 69.0  7 49.0
64.0 1 64.0  3 52.0
49.0 1 49.0  0 43.0
52.0 1 52.0  1 43.0
49.0 1 49.0  2 43.0
56.0 1 56.0  3 43.0
49.0 1 49.0  4 43.0
75.0 1 75.0  5 43.0
73.0 1 73.0  6 43.0
48.0 1 48.0  7 43.0
58.0 1 58.0  8 43.0
32.0 1 32.0  9 43.0
352.0 1 352.0  0 10000.0

27.0 1 27.0  9 43.0
32.0 1 32.0  7 43.0
49.0 1 49.0  4 43.0
47.0 1 47.0  2 43.0
40.0 1 40.0  0 43.0
55.0 1 55.0  2 52.0
57.0 1 57.0  1 43.0
59.0 1 59.0  6 46.0
58.0 1 58.0  3 43.0
54.0 1 54.0  0 49.0
37.0 1 37.0  0 32.0
18.0 1 18.0  1 32.0
340.0 1 340.0  2 32.0
17.0 1 17.0  3 32.0
26.0 1 26.0  4 32.0
294.0 1 294.0  5 32.0
303.0 1 303.0  6 32.0
17.0 1 17.0  7 32.0
51.0 1 51.0  8 32.0
62.0 1 62.0  9 32.0
335.0 1 335.0  0 10000.0

22.0 1 22.0  7 32.0
21.0 1 21.0  3 32.0
18.0 1 18.0  1 32.0
15.0 1 15.0  4 32.0
16.0 1 16.0  9 43.0
53.0 1 53.0  7 43.0
26.0 1 26.0  0 32.0
43.0 1 43.0  0 43.0
42.0 1 42.0  2 43.0
56.0 1 56.0  4 43.0
24.0 1 24.0  0 17.0
164.0 1 164.0  1 17.0
22.0 1 22.0  2 17.0
23.0 1 23.0  3 17.0
28.0 1 28.0  4 17.0
295.0 1 295.0  5 17.0
242.0 1 242.0  6 17.0
31.0 1 31.0  7 17.0
48.0 1 48.0  8 17.0
12.0 1 12.0  9 17.0
345.0 1 345.0  0 10000.0

21.0 1 21.0  9 17.0
12.0 1 12.0  4 32.0
25.0 1 25.0  9 43.0
25.0 1 25.0  1 32.0
31.0 1 31.0  3 32.0
21.0 1 21.0  2 17.0
26.0 1 26.0  7 32.0
25.0 1 25.0  3 17.0
19.0 1 19.0  0 17.0
32.0 1 32.0  0 32.0
35.0 1 35.0  0 12.0
18.0 1 18.0  1 12.0
32.0 1 32.0  2 12.0
72.0 1 72.0  3 12.0
21.0 1 21.0  4 12.0
300.0 1 300.0  5 12.0
70.0 1 70.0  6 12.0
29.0 1 29.0  7 12.0
21.0 1 21.0  8 12.0
324.0 1 324.0  9 12.0
342.0 1 342.0  0 10000.0

37.0 1 37.0  4 32.0
14.0 1 14.0  1 12.0
31.0 1 31.0  0 17.0
25.0 1 25.0  8 12.0
31.0 1 31.0  4 12.0
31.0 1 31.0  2 17.0
33.0 1 33.0  9 17.0
21.0 1 21.0  3 17.0
11.0 1 11.0  1 32.0
18.0 1 18.0  9 43.0
143.0 1 143.0  0 12.0
48.0 1 48.0  1 12.0
29.0 1 29.0  2 12.0
24.0 1 24.0  3 12.0
28.0 1 28.0  4 12.0
302.0 1 302.0  5 12.0
72.0 1 72.0  6 12.0
19.0 1 19.0  7 12.0
31.0 1 31.0  8 12.0
273.0 1 273.0  9 12.0
345.0 1 345.0  0 10000.0

16.0 1 16.0  1 32.0
14.0 1 14.0  1 12.0
33.0 1 33.0  9 43.0
28.0 1 28.0  7 12.0
24.0 1 24.0  3 17.0
29.0 1 29.0  3 12.0
25.0 1 25.0  8 12.0
22.0 1 22.0  4 12.0
18.0 1 18.0  2 12.0
22.0 1 22.0  8 12.0
38.0 1 38.0  0 11.0
18.0 1 18.0  1 11.0
336.0 1 336.0  2 11.0
30.0 1 30.0  3 11.0
27.0 1 27.0  4 11.0
302.0 1 302.0  5 11.0
66.0 1 66.0  6 11.0
19.0 1 19.0  7 11.0
64.0 1 64.0  8 11.0
45.0 1 45.0  9 11.0
341.0 1 341.0  0 10000.0

20.0 1 20.0  1 12.0
19.0 1 19.0  1 32.0
22.0 1 22.0  1 11.0
28.0 1 28.0  2 12.0
23.0 1 23.0  7 11.0
28.0 1 28.0  8 12.0
22.0 1 22.0  4 12.0
27.0 1 27.0  3 17.0
18.0 1 18.0  8 12.0
16.0 1 16.0  4 11.0
37.0 1 37.0  0 14.0
24.0 1 24.0  1 14.0
352.0 1 352.0  2 14.0
25.0 1 25.0  3 14.0
19.0 1 19.0  4 14.0
305.0 1 305.0  5 14.0
77.0 1 77.0  6 14.0
28.0 1 28.0  7 14.0
72.0 1 72.0  8 14.0
64.0 1 64.0  9 14.0
348.0 1 348.0  0 10000.0

15.0 1 15.0  4 11.0
23.0 1 23.0  8 12.0
24.0 1 24.0  4 14.0
22.0 1 22.0  1 32.0
17.0 1 17.0  1 12.0
26.0 1 26.0  4 12.0
27.0 1 27.0  1 11.0
20.0 1 20.0  7 11.0
23.0 1 23.0  1 14.0
28.0 1 28.0  3 14.0
41.0 1 41.0  0 16.0
101.0 1 101.0  1 16.0
22.0 1 22.0  2 16.0
30.0 1 30.0  3 16.0
74.0 1 74.0  4 16.0
301.0 1 301.0  5 16.0
60.0 1 60.0  6 16.0
23.0 1 23.0  7 16.0
63.0 1 63.0  8 16.0
20.0 1 20.0  9 16.0
350.0 1 350.0  0 10000.0

22.0 1 22.0  4 11.0
18.0 1 18.0  1 12.0
26.0 1 26.0  9 16.0
31.0 1 31.0  7 11.0
22.0 1 22.0  2 16.0
11.0 1 11.0  1 32.0
15.0 1 15.0  7 16.0
23.0 1 23.0  1 14.0
16.0 1 16.0  8 12.0
26.0 1 26.0  4 14.0
29.0 1 29.0  0 15.0
18.0 1 18.0  1 15.0
25.0 1 25.0  2 15.0
25.0 1 25.0  3 15.0
16.0 1 16.0  4 15.0
293.0 1 293.0  5 15.0
59.0 1 59.0  6 15.0
24.0 1 24.0  7 15.0
23.0 1 23.0  8 15.0
27.0 1 27.0  9 15.0
342.0 1 342.0  0 10000.0

24.0 1 24.0  1 32.0
28.0 1 28.0  7 16.0
23.0 1 23.0  4 15.0
29.0 1 29.0  8 12.0
20.0 1 20.0  1 15.0
11.0 1 11.0  1 12.0
19.0 1 19.0  2 16.0
22.0 1 22.0  4 11.0
26.0 1 26.0  8 15.0
20.0 1 20.0  1 14.0
56.0 1 56.0  0 11.0
90.0 1 90.0  1 11.0
26.0 1 26.0  2 11.0
24.0 1 24.0  3 11.0
34.0 1 34.0  4 11.0
289.0 1 289.0  5 11.0
177.0 1 177.0  6 11.0
20.0 1 20.0  7 11.0
44.0 1 44.0  8 11.0
16.0 1 16.0  9 11.0
339.0 1 339.0  0 10000.0

21.0 1 21.0  1 12.0
23.0 1 23.0  9 11.0
24.0 1 24.0  2 16.0
22.0 1 22.0  7 11.0
25.0 1 25.0  1 14.0
11.0 1 11.0  1 15.0
27.0 1 27.0  4 11.0
14.0 1 14.0  4 15.0
27.0 1 27.0  3 11.0
35.0 1 35.0  1 32.0
22.0 1 22.0  0 11.0
81.0 1 81.0  1 11.0
17.0 1 17.0  2 11.0
41.0 1 41.0  3 11.0
27.0 1 27.0  4 11.0
303.0 1 303.0  5 11.0
70.0 1 70.0  6 11.0
19.0 1 19.0  7 11.0
28.0 1 28.0  8 11.0
326.0 1 326.0  9 11.0
351.0 1 351.0  0 10000.0

22.0 1 22.0  1 15.0
30.0 1 30.0  4 15.0
14.0 1 14.0  2 11.0
32.0 1 32.0  7 11.0
19.0 1 19.0  1 12.0
25.0 1 25.0  0 11.0
22.0 1 22.0  7 11.0
31.0 1 31.0  9 11.0
16.0 1 16.0  2 16.0
8.0 1 8.0  1 14.0
20.0 1 20.0  0 11.0
27.0 1 27.0  1 11.0
347.0 1 347.0  2 11.0
19.0 1 19.0  3 11.0
30.0 1 30.0  4 11.0
294.0 1 294.0  5 11.0
58.0 1 58.0  6 11.0
19.0 1 19.0  7 11.0
17.0 1 17.0  8 11.0
57.0 1 57.0  9 11.0
299.0 1 299.0  0 10000.0

15.0 1 15.0  1 14.0
21.0 1 21.0  2 11.0
22.0 1 22.0  2 16.0
44.0 1 44.0  8 11.0
22.0 1 22.0  7 11.0
19.0 1 19.0  3 11.0
16.0 1 16.0  1 12.0
12.0 1 12.0  0 11.0
35.0 1 35.0  7 11.0
21.0 1 21.0  1 15.0
26.0 1 26.0  0 8.0
22.0 1 22.0  1 8.0
337.0 1 337.0  2 8.0
20.0 1 20.0  3 8.0
26.0 1 26.0  4 8.0
307.0 1 307.0  5 8.0
72.0 1 72.0  6 8.0
29.0 1 29.0  7 8.0
58.0 1 58.0  8 8.0
14.0 1 14.0  9 8.0
349.0 1 349.0  0 10000.0

29.0 1 29.0  0 11.0
29.0 1 29.0  9 8.0
18.0 1 18.0  1 14.0
16.0 1 16.0  1 12.0
21.0 1 21.0  3 11.0
21.0 1 21.0  3 8.0
18.0 1 18.0  1 15.0
28.0 1 28.0  2 11.0
24.0 1 24.0  1 8.0
23.0 1 23.0  7 11.0
24.0 1 24.0  0 12.0
28.0 1 28.0  1 12.0
33.0 1 33.0  2 12.0
13.0 1 13.0  3 12.0
38.0 1 38.0  4 12.0
306.0 1 306.0  5 12.0
147.0 1 147.0  6 12.0
28.0 1 28.0  7 12.0
54.0 1 54.0  8 12.0
310.0 1 310.0  9 12.0
342.0 1 342.0  0 10000.0

25.0 1 25.0  3 12.0
21.0 1 21.0  1 12.0
21.0 1 21.0  1 15.0
28.0 1 28.0  1 14.0
17.0 1 17.0  3 8.0
25.0 1 25.0  3 11.0
28.0 1 28.0  7 11.0
26.0 1 26.0  0 12.0
16.0 1 16.0  1 8.0
20.0 1 20.0  7 12.0
40.0 1 40.0  0 13.0
162.0 1 162.0  1 13.0
346.0 1 346.0  2 13.0
23.0 1 23.0  3 13.0
28.0 1 28.0  4 13.0
298.0 1 298.0  5 13.0
75.0 1 75.0  6 13.0
39.0 1 39.0  7 13.0
37.0 1 37.0  8 13.0
319.0 1 319.0  9 13.0
338.0 1 338.0  0 10000.0

18.0 1 18.0  1 8.0
24.0 1 24.0  3 8.0
17.0 1 17.0  7 12.0
22.0 1 22.0  1 15.0
29.0 1 29.0  1 12.0
48.0 1 48.0  3 13.0
24.0 1 24.0  3 11.0
22.0 1 22.0  3 12.0
19.0 1 19.0  0 12.0
22.0 1 22.0  4 13.0
26.0 1 26.0  0 16.0
63.0 1 63.0  1 16.0
25.0 1 25.0  2 16.0
21.0 1 21.0  3 16.0
23.0 1 23.0  4 16.0
311.0 1 311.0  5 16.0
90.0 1 90.0  6 16.0
44.0 1 44.0  7 16.0
22.0 1 22.0  8 16.0
31.0 1 31.0  9 16.0
342.0 1 342.0  0 10000.0

21.0 1 21.0  7 12.0
26.0 1 26.0  1 8.0
23.0 1 23.0  0 12.0
25.0 1 25.0  3 16.0
22.0 1 22.0  8 16.0
24.0 1 24.0  4 13.0
19.0 1 19.0  3 12.0
30.0 1 30.0  1 15.0
35.0 1 35.0  4 16.0
21.0 1 21.0  3 11.0
28.0 1 28.0  0 17.0
62.0 1 62.0  1 17.0
16.0 1 16.0  2 17.0
21.0 1 21.0  3 17.0
52.0 1 52.0  4 17.0
316.0 1 316.0  5 17.0
64.0 1 64.0  6 17.0
30.0 1 30.0  7 17.0
27.0 1 27.0  8 17.0
28.0 1 28.0  9 17.0
348.0 1 348.0  0 10000.0

29.0 1 29.0  2 17.0
28.0 1 28.0  3 12.0
25.0 1 25.0  3 17.0
28.0 1 28.0  3 11.0
31.0 1 31.0  7 12.0
25.0 1 25.0  8 16.0
36.0 1 36.0  0 12.0
18.0 1 18.0  4 13.0
23.0 1 23.0  3 16.0
18.0 1 18.0  1 8.0
18.0 1 18.0  0 16.0
32.0 1 32.0  1 16.0
41.0 1 41.0  2 16.0
13.0 1 13.0  3 16.0
38.0 1 38.0  4 16.0
291.0 1 291.0  5 16.0
77.0 1 77.0  6 16.0
16.0 1 16.0  7 16.0
43.0 1 43.0  8 16.0
347.0 1 347.0  9 16.0
335.0 1 335.0  0 10000.0

15.0 1 15.0  3 16.0
29.0 1 29.0  7 16.0
28.0 1 28.0  0 16.0
16.0 1 16.0  1 8.0
36.0 1 36.0  4 13.0
21.0 1 21.0  3 16.0
27.0 1 27.0  8 16.0
16.0 1 16.0  3 17.0
28.0 1 28.0  3 11.0
28.0 1 28.0  3 12.0
36.0 1 36.0  0 13.0
32.0 1 32.0  1 13.0
25.0 1 25.0  2 13.0
27.0 1 27.0  3 13.0
59.0 1 59.0  4 13.0
297.0 1 297.0  5 13.0
72.0 1 72.0  6 13.0
26.0 1 26.0  7 13.0
49.0 1 49.0  8 13.0
24.0 1 24.0  9 13.0
342.0 1 342.0  0 10000.0

29.0 1 29.0  3 16.0
32.0 1 32.0  3 17.0
19.0 1 19.0  1 8.0
19.0 1 19.0  3 16.0
23.0 1 23.0  9 13.0
34.0 1 34.0  2 13.0
26.0 1 26.0  7 13.0
25.0 1 25.0  3 13.0
20.0 1 20.0  8 16.0
12.0 1 12.0  3 12.0
21.0 1 21.0  0 15.0
18.0 1 18.0  1 15.0
340.0 1 340.0  2 15.0
34.0 1 34.0  3 15.0
39.0 1 39.0  4 15.0
299.0 1 299.0  5 15.0
83.0 1 83.0  6 15.0
22.0 1 22.0  7 15.0
56.0 1 56.0  8 15.0
23.0 1 23.0  9 15.0
297.0 1 297.0  0 10000.0

27.0 1 27.0  3 12.0
33.0 1 33.0  1 15.0
31.0 1 31.0  3 16.0
29.0 1 29.0  1 8.0
15.0 1 15.0  8 16.0
19.0 1 19.0  0 15.0
25.0 1 25.0  7 15.0
15.0 1 15.0  9 15.0
16.0 1 16.0  9 13.0
26.0 1 26.0  3 13.0
19.0 1 19.0  0 12.0
38.0 1 38.0  1 12.0
24.0 1 24.0  2 12.0
25.0 1 25.0  3 12.0
40.0 1 40.0  4 12.0
299.0 1 299.0  5 12.0
72.0 1 72.0  6 12.0
19.0 1 19.0  7 12.0
30.0 1 30.0  8 12.0
25.0 1 25.0  9 12.0
346.0 1 346.0  0 10000.0

27.0 1 27.0  9 15.0
29.0 1 29.0  8 16.0
30.0 1 30.0  9 13.0
19.0 1 19.0  7 12.0
20.0 1 20.0  0 12.0
25.0 1 25.0  0 15.0
27.0 1 27.0  2 12.0
19.0 1 19.0  9 12.0
12.0 1 12.0  3 12.0
26.0 1 26.0  7 15.0
45.0 1 45.0  0 15.0
16.0 1 16.0  1 15.0
348.0 1 348.0  2 15.0
34.0 1 34.0  3 15.0
25.0 1 25.0  4 15.0
299.0 1 299.0  5 15.0
110.0 1 110.0  6 15.0
29.0 1 29.0  7 15.0
59.0 1 59.0  8 15.0
66.0 1 66.0  9 15.0
341.0 1 341.0  0 10000.0

26.0 1 26.0  3 12.0
18.0 1 18.0  1 15.0
18.0 1 18.0  9 12.0
25.0 1 25.0  7 12.0
25.0 1 25.0  0 12.0
24.0 1 24.0  4 15.0
24.0 1 24.0  0 15.0
22.0 1 22.0  7 15.0
21.0 1 21.0  2 12.0
45.0 1 45.0  9 15.0
18.0 1 18.0  0 12.0
145.0 1 145.0  1 12.0
15.0 1 15.0  2 12.0
29.0 1 29.0  3 12.0
24.0 1 24.0  4 12.0
303.0 1 303.0  5 12.0
78.0 1 78.0  6 12.0
21.0 1 21.0  7 12.0
28.0 1 28.0  8 12.0
57.0 1 57.0  9 12.0
298.0 1 298.0  0 10000.0

17.0 1 17.0  2 12.0
29.0 1 29.0  0 12.0
19.0 1 19.0  9 12.0
34.0 1 34.0  1 15.0
35.0 1 35.0  7 12.0
32.0 1 32.0  2 12.0
37.0 1 37.0  7 15.0
16.0 1 16.0  4 12.0
29.0 1 29.0  0 15.0
20.0 1 20.0  4 15.0
29.0 1 29.0  0 15.0
39.0 1 39.0  1 15.0
29.0 1 29.0  2 15.0
14.0 1 14.0  3 15.0
71.0 1 71.0  4 15.0
295.0 1 295.0  5 15.0
86.0 1 86.0  6 15.0
22.0 1 22.0  7 15.0
36.0 1 36.0  8 15.0
27.0 1 27.0  9 15.0
336.0 1 336.0  0 10000.0

30.0 1 30.0  3 15.0
22.0 1 22.0  4 12.0
31.0 1 31.0  2 12.0
18.0 1 18.0  9 12.0
33.0 1 33.0  4 15.0
29.0 1 29.0  7 15.0
29.0 1 29.0  9 15.0
29.0 1 29.0  2 15.0
30.0 1 30.0  0 15.0
31.0 1 31.0  0 15.0
17.0 1 17.0  0 14.0
26.0 1 26.0  1 14.0
21.0 1 21.0  2 14.0
31.0 1 31.0  3 14.0
29.0 1 29.0  4 14.0
289.0 1 289.0  5 14.0
85.0 1 85.0  6 14.0
31.0 1 31.0  7 14.0
45.0 1 45.0  8 14.0
26.0 1 26.0  9 14.0
344.0 1 344.0  0 10000.0

35.0 1 35.0  0 14.0
24.0 1 24.0  9 12.0
35.0 1 35.0  2 14.0
32.0 1 32.0  4 12.0
38.0 1 38.0  9 14.0
23.0 1 23.0  1 14.0
25.0 1 25.0  4 14.0
20.0 1 20.0  2 15.0
43.0 1 43.0  9 15.0
19.0 1 19.0  7 15.0
21.0 1 21.0  0 17.0
23.0 1 23.0  1 17.0
342.0 1 342.0  2 17.0
23.0 1 23.0  3 17.0
19.0 1 19.0  4 17.0
299.0 1 299.0  5 17.0
74.0 1 74.0  6 17.0
29.0 1 29.0  7 17.0
43.0 1 43.0  8 17.0
54.0 1 54.0  9 17.0
345.0 1 345.0  0 10000.0

26.0 1 26.0  4 17.0
30.0 1 30.0  7 15.0
22.0 1 22.0  2 15.0
14.0 1 14.0  0 17.0
32.0 1 32.0  3 17.0
18.0 1 18.0  1 17.0
14.0 1 14.0  1 14.0
28.0 1 28.0  9 12.0
27.0 1 27.0  4 14.0
28.0 1 28.0  7 17.0
23.0 1 23.0  0 19.0
171.0 1 171.0  1 19.0
347.0 1 347.0  2 19.0
14.0 1 14.0  3 19.0
13.0 1 13.0  4 19.0
303.0 1 303.0  5 19.0
76.0 1 76.0  6 19.0
23.0 1 23.0  7 19.0
29.0 1 29.0  8 19.0
56.0 1 56.0  9 19.0
340.0 1 340.0  0 10000.0

16.0 1 16.0  4 19.0
18.0 1 18.0  3 19.0
25.0 1 25.0  1 14.0
36.0 1 36.0  0 17.0
20.0 1 20.0  1 17.0
33.0 1 33.0  2 15.0
18.0 1 18.0  7 19.0
25.0 1 25.0  0 19.0
30.0 1 30.0  4 17.0
22.0 1 22.0  4 14.0
25.0 1 25.0  0 13.0
23.0 1 23.0  1 13.0
348.0 1 348.0  2 13.0
21.0 1 21.0  3 13.0
47.0 1 47.0  4 13.0
297.0 1 297.0  5 13.0
111.0 1 111.0  6 13.0
17.0 1 17.0  7 13.0
24.0 1 24.0  8 13.0
13.0 1 13.0  9 13.0
340.0 1 340.0  0 10000.0

23.0 1 23.0  9 13.0
27.0 1 27.0  4 19.0
18.0 1 18.0  7 13.0
29.0 1 29.0  7 19.0
27.0 1 27.0  3 19.0
19.0 1 19.0  1 17.0
22.0 1 22.0  3 13.0
17.0 1 17.0  4 14.0
28.0 1 28.0  1 13.0
27.0 1 27.0  8 13.0
37.0 1 37.0  0 13.0
178.0 1 178.0  1 13.0
342.0 1 342.0  2 13.0
153.0 1 153.0  3 13.0
17.0 1 17.0  4 13.0
303.0 1 303.0  5 13.0
67.0 1 67.0  6 13.0
22.0 1 22.0  7 13.0
46.0 1 46.0  8 13.0
46.0 1 46.0  9 13.0
352.0 1 352.0  0 10000.0

27.0 1 27.0  4 13.0
24.0 1 24.0  4 14.0
29.0 1 29.0  7 13.0
20.0 1 20.0  1 17.0
25.0 1 25.0  7 13.0
23.0 1 23.0  3 13.0
29.0 1 29.0  9 13.0
24.0 1 24.0  8 13.0
18.0 1 18.0  3 19.0
21.0 1 21.0  4 19.0
22.0 1 22.0  0 17.0
19.0 1 19.0  1 17.0
24.0 1 24.0  2 17.0
27.0 1 27.0  3 17.0
20.0 1 20.0  4 17.0
296.0 1 296.0  5 17.0
65.0 1 65.0  6 17.0
25.0 1 25.0  7 17.0
73.0 1 73.0  8 17.0
26.0 1 26.0  9 17.0
350.0 1 350.0  0 10000.0

27.0 1 27.0  3 19.0
27.0 1 27.0  1 17.0
23.0 1 23.0  4 17.0
15.0 1 15.0  1 17.0
25.0 1 25.0  4 19.0
30.0 1 30.0  0 17.0
28.0 1 28.0  3 13.0
41.0 1 41.0  2 17.0
34.0 1 34.0  8 13.0
24.0 1 24.0  4 14.0
20.0 1 20.0  0 18.0
69.0 1 69.0  1 18.0
35.0 1 35.0  2 18.0
22.0 1 22.0  3 18.0
24.0 1 24.0  4 18.0
286.0 1 286.0  5 18.0
97.0 1 97.0  6 18.0
26.0 1 26.0  7 18.0
34.0 1 34.0  8 18.0
114.0 1 114.0  9 18.0
334.0 1 334.0  0 10000.0

25.0 1 25.0  1 17.0
31.0 1 31.0  0 18.0
31.0 1 31.0  3 18.0
22.0 1 22.0  4 17.0
25.0 1 25.0  4 18.0
24.0 1 24.0  4 14.0
22.0 1 22.0  4 19.0
33.0 1 33.0  7 18.0
25.0 1 25.0  1 17.0
29.0 1 29.0  3 19.0
33.0 1 33.0  0 15.0
29.0 1 29.0  1 15.0
346.0 1 346.0  2 15.0
30.0 1 30.0  3 15.0
13.0 1 13.0  4 15.0
307.0 1 307.0  5 15.0
76.0 1 76.0  6 15.0
23.0 1 23.0  7 15.0
31.0 1 31.0  8 15.0
285.0 1 285.0  9 15.0
343.0 1 343.0  0 10000.0

28.0 1 28.0  4 15.0
20.0 1 20.0  4 19.0
24.0 1 24.0  4 17.0
26.0 1 26.0  7 15.0
20.0 1 20.0  4 14.0
29.0 1 29.0  1 17.0
32.0 1 32.0  4 18.0
22.0 1 22.0  1 17.0
34.0 1 34.0  1 15.0
27.0 1 27.0  3 19.0
14.0 1 14.0  0 13.0
24.0 1 24.0  1 13.0
29.0 1 29.0  2 13.0
25.0 1 25.0  3 13.0
34.0 1 34.0  4 13.0
292.0 1 292.0  5 13.0
62.0 1 62.0  6 13.0
27.0 1 27.0  7 13.0
34.0 1 34.0  8 13.0
25.0 1 25.0  9 13.0
346.0 1 346.0  0 10000.0

24.0 1 24.0  0 13.0
31.0 1 31.0  4 14.0
24.0 1 24.0  4 19.0
18.0 1 18.0  1 17.0
21.0 1 21.0  1 13.0
19.0 1 19.0  4 17.0
18.0 1 18.0  9 13.0
11.0 1 11.0  3 13.0
20.0 1 20.0  7 15.0
27.0 1 27.0  7 13.0
22.0 1 22.0  0 14.0
17.0 1 17.0  1 14.0
218.0 1 218.0  2 14.0
16.0 1 16.0  3 14.0
20.0 1 20.0  4 14.0
297.0 1 297.0  5 14.0
67.0 1 67.0  6 14.0
23.0 1 23.0  7 14.0
16.0 1 16.0  8 14.0
28.0 1 28.0  9 14.0
349.0 1 349.0  0 10000.0

16.0 1 16.0  3 13.0
15.0 1 15.0  8 14.0
10.0 1 10.0  3 14.0
15.0 1 15.0  1 14.0
24.0 1 24.0  9 13.0
20.0 1 20.0  1 17.0
23.0 1 23.0  4 17.0
12.0 1 12.0  4 14.0
20.0 1 20.0  7 15.0
25.0 1 25.0  1 13.0
26.0 1 26.0  0 11.0
23.0 1 23.0  1 11.0
26.0 1 26.0  2 11.0
15.0 1 15.0  3 11.0
24.0 1 24.0  4 11.0
291.0 1 291.0  5 11.0
67.0 1 67.0  6 11.0
14.0 1 14.0  7 11.0
23.0 1 23.0  8 11.0
273.0 1 273.0  9 11.0
343.0 1 343.0  0 10000.0

21.0 1 21.0  3 14.0
14.0 1 14.0  4 14.0
9.0 1 9.0  7 11.0
29.0 1 29.0  3 11.0
23.0 1 23.0  1 14.0
27.0 1 27.0  8 14.0
28.0 1 28.0  3 13.0
18.0 1 18.0  7 15.0
25.0 1 25.0  1 17.0
27.0 1 27.0  8 11.0
23.0 1 23.0  0 10.0
74.0 1 74.0  1 10.0
15.0 1 15.0  2 10.0
32.0 1 32.0  3 10.0
21.0 1 21.0  4 10.0
295.0 1 295.0  5 10.0
63.0 1 63.0  6 10.0
23.0 1 23.0  7 10.0
36.0 1 36.0  8 10.0
79.0 1 79.0  9 10.0
348.0 1 348.0  0 10000.0

28.0 1 28.0  7 11.0
14.0 1 14.0  4 14.0
32.0 1 32.0  2 10.0
18.0 1 18.0  7 15.0
29.0 1 29.0  4 10.0
27.0 1 27.0  3 14.0
19.0 1 19.0  7 10.0
21.0 1 21.0  0 10.0
14.0 1 14.0  1 14.0
27.0 1 27.0  1 17.0
61.0 1 61.0  0 9.0
13.0 1 13.0  1 9.0
341.0 1 341.0  2 9.0
16.0 1 16.0  3 9.0
37.0 1 37.0  4 9.0
296.0 1 296.0  5 9.0
67.0 1 67.0  6 9.0
17.0 1 17.0  7 9.0
27.0 1 27.0  8 9.0
27.0 1 27.0  9 9.0
337.0 1 337.0  0 10000.0

20.0 1 20.0  1 9.0
26.0 1 26.0  1 14.0
30.0 1 30.0  4 14.0
28.0 1 28.0  3 9.0
21.0 1 21.0  7 9.0
23.0 1 23.0  7 15.0
19.0 1 19.0  7 10.0
27.0 1 27.0  0 10.0
21.0 1 21.0  9 9.0
16.0 1 16.0  8 9.0
54.0 1 54.0  0 13.0
58.0 1 58.0  1 13.0
13.0 1 13.0  2 13.0
22.0 1 22.0  3 13.0
29.0 1 29.0  4 13.0
293.0 1 293.0  5 13.0
93.0 1 93.0  6 13.0
32.0 1 32.0  7 13.0
21.0 1 21.0  8 13.0
62.0 1 62.0  9 13.0
303.0 1 303.0  0 10000.0

16.0 1 16.0  2 13.0
24.0 1 24.0  8 9.0
20.0 1 20.0  7 10.0
18.0 1 18.0  1 9.0
19.0 1 19.0  8 13.0
29.0 1 29.0  9 9.0
29.0 1 29.0  7 9.0
26.0 1 26.0  3 13.0
27.0 1 27.0  7 15.0
20.0 1 20.0  1 14.0
69.0 1 69.0  0 13.0
65.0 1 65.0  1 13.0
19.0 1 19.0  2 13.0
17.0 1 17.0  3 13.0
7.0 1 7.0  4 13.0
291.0 1 291.0  5 13.0
28.0 1 28.0  6 13.0
25.0 1 25.0  7 13.0
22.0 1 22.0  8 13.0
30.0 1 30.0  9 13.0
352.0 1 352.0  0 10000.0

25.0 1 25.0  4 13.0
26.0 1 26.0  2 13.0
18.0 1 18.0  3 13.0
13.0 1 13.0  1 9.0
21.0 1 21.0  2 13.0
19.0 1 19.0  8 13.0
15.0 1 15.0  1 14.0
17.0 1 17.0  7 10.0
22.0 1 22.0  8 13.0
18.0 1 18.0  8 9.0
140.0 1 140.0  0 7.0
18.0 1 18.0  1 7.0
43.0 1 43.0  2 7.0
18.0 1 18.0  3 7.0
17.0 1 17.0  4 7.0
295.0 1 295.0  5 7.0
78.0 1 78.0  6 7.0
14.0 1 14.0  7 7.0
32.0 1 32.0  8 7.0
24.0 1 24.0  9 7.0
346.0 1 346.0  0 10000.0

21.0 1 21.0  1 9.0
17.0 1 17.0  7 7.0
20.0 1 20.0  1 14.0
17.0 1 17.0  4 7.0
15.0 1 15.0  7 10.0
21.0 1 21.0  3 7.0
26.0 1 26.0  1 7.0
23.0 1 23.0  8 9.0
11.0 1 11.0  3 13.0
18.0 1 18.0  8 13.0
17.0 1 17.0  0 13.0
144.0 1 144.0  1 13.0
345.0 1 345.0  2 13.0
15.0 1 15.0  3 13.0
18.0 1 18.0  4 13.0
302.0 1 302.0  5 13.0
71.0 1 71.0  6 13.0
15.0 1 15.0  7 13.0
21.0 1 21.0  8 13.0
44.0 1 44.0  9 13.0
362.0 1 362.0  0 10000.0

13.0 1 13.0  3 13.0
24.0 1 24.0  7 13.0
20.0 1 20.0  3 13.0
14.0 1 14.0  7 10.0
26.0 1 26.0  0 13.0
11.0 1 11.0  4 7.0
28.0 1 28.0  7 7.0
21.0 1 21.0  4 13.0
16.0 1 16.0  8 13.0
10.0 1 10.0  1 14.0
17.0 1 17.0  0 11.0
12.0 1 12.0  1 11.0
342.0 1 342.0  2 11.0
160.0 1 160.0  3 11.0
16.0 1 16.0  4 11.0
296.0 1 296.0  5 11.0
82.0 1 82.0  6 11.0
17.0 1 17.0  7 11.0
24.0 1 24.0  8 11.0
16.0 1 16.0  9 11.0
353.0 1 353.0  0 10000.0

19.0 1 19.0  1 14.0
21.0 1 21.0  4 7.0
9.0 1 9.0  1 11.0
30.0 1 30.0  3 13.0
11.0 1 11.0  7 10.0
21.0 1 21.0  9 11.0
24.0 1 24.0  4 11.0
26.0 1 26.0  8 13.0
18.0 1 18.0  7 11.0
27.0 1 27.0  0 11.0
25.0 1 25.0  0 10.0
22.0 1 22.0  1 10.0
11.0 1 11.0  2 10.0
16.0 1 16.0  3 10.0
20.0 1 20.0  4 10.0
287.0 1 287.0  5 10.0
87.0 1 87.0  6 10.0
18.0 1 18.0  7 10.0
11.0 1 11.0  8 10.0
48.0 1 48.0  9 10.0
344.0 1 344.0  0 10000.0

16.0 1 16.0  1 11.0
18.0 1 18.0  8 10.0
23.0 1 23.0  2 10.0
21.0 1 21.0  7 10.0
18.0 1 18.0  3 10.0
16.0 1 16.0  7 10.0
23.0 1 23.0  7 11.0
19.0 1 19.0  1 14.0
21.0 1 21.0  4 10.0
25.0 1 25.0  9 11.0
170.0 1 170.0  0 9.0
67.0 1 67.0  1 9.0
30.0 1 30.0  2 9.0
19.0 1 19.0  3 9.0
27.0 1 27.0  4 9.0
284.0 1 284.0  5 9.0
68.0 1 68.0  6 9.0
19.0 1 19.0  7 9.0
35.0 1 35.0  8 9.0
17.0 1 17.0  9 9.0
332.0 1 332.0  0 10000.0

22.0 1 22.0  7 10.0
14.0 1 14.0  1 11.0
15.0 1 15.0  9 9.0
23.0 1 23.0  3 10.0
25.0 1 25.0  8 10.0
14.0 1 14.0  7 9.0
28.0 1 28.0  3 9.0
20.0 1 20.0  1 14.0
17.0 1 17.0  4 10.0
25.0 1 25.0  7 10.0
24.0 1 24.0  0 16.0
20.0 1 20.0  1 16.0
16.0 1 16.0  2 16.0
20.0 1 20.0  3 16.0
29.0 1 29.0  4 16.0
297.0 1 297.0  5 16.0
74.0 1 74.0  6 16.0
15.0 1 15.0  7 16.0
25.0 1 25.0  8 16.0
59.0 1 59.0  9 16.0
338.0 1 338.0  0 10000.0

24.0 1 24.0  7 9.0
31.0 1 31.0  1 11.0
19.0 1 19.0  7 16.0
21.0 1 21.0  9 9.0
25.0 1 25.0  2 16.0
17.0 1 17.0  4 10.0
17.0 1 17.0  3 16.0
17.0 1 17.0  1 16.0
20.0 1 20.0  1 14.0
19.0 1 19.0  7 10.0
62.0 1 62.0  0 14.0
27.0 1 27.0  1 14.0
338.0 1 338.0  2 14.0
32.0 1 32.0  3 14.0
15.0 1 15.0  4 14.0
301.0 1 301.0  5 14.0
86.0 1 86.0  6 14.0
21.0 1 21.0  7 14.0
39.0 1 39.0  8 14.0
336.0 1 336.0  9 14.0
342.0 1 342.0  0 10000.0

27.0 1 27.0  4 14.0
28.0 1 28.0  1 16.0
20.0 1 20.0  3 16.0
23.0 1 23.0  4 10.0
21.0 1 21.0  7 10.0
15.0 1 15.0  7 16.0
17.0 1 17.0  1 14.0
26.0 1 26.0  7 14.0
12.0 1 12.0  9 9.0
19.0 1 19.0  7 9.0
26.0 1 26.0  0 15.0
16.0 1 16.0  1 15.0
21.0 1 21.0  2 15.0
19.0 1 19.0  3 15.0
16.0 1 16.0  4 15.0
296.0 1 296.0  5 15.0
75.0 1 75.0  6 15.0
12.0 1 12.0  7 15.0
24.0 1 24.0  8 15.0
350.0 1 350.0  9 15.0
307.0 1 307.0  0 10000.0

28.0 1 28.0  7 15.0
30.0 1 30.0  9 9.0
8.0 1 8.0  7 16.0
21.0 1 21.0  4 15.0
25.0 1 25.0  1 15.0
9.0 1 9.0  1 14.0
14.0 1 14.0  3 15.0
15.0 1 15.0  7 9.0
15.0 1 15.0  3 16.0
17.0 1 17.0  2 15.0
44.0 1 44.0  0 12.0
11.0 1 11.0  1 12.0
333.0 1 333.0  2 12.0
27.0 1 27.0  3 12.0
20.0 1 20.0  4 12.0
299.0 1 299.0  5 12.0
186.0 1 186.0  6 12.0
12.0 1 12.0  7 12.0
14.0 1 14.0  8 12.0
38.0 1 38.0  9 12.0
341.0 1 341.0  0 10000.0

28.0 1 28.0  7 16.0
13.0 1 13.0  1 14.0
33.0 1 33.0  1 12.0
21.0 1 21.0  7 12.0
20.0 1 20.0  8 12.0
14.0 1 14.0  3 15.0
7.0 1 7.0  3 16.0
19.0 1 19.0  7 9.0
19.0 1 19.0  2 15.0
14.0 1 14.0  4 12.0
34.0 1 34.0  0 8.0
14.0 1 14.0  1 8.0
32.0 1 32.0  2 8.0
10.0 1 10.0  3 8.0
25.0 1 25.0  4 8.0
291.0 1 291.0  5 8.0
72.0 1 72.0  6 8.0
20.0 1 20.0  7 8.0
26.0 1 26.0  8 8.0
22.0 1 22.0  9 8.0
348.0 1 348.0  0 10000.0

14.0 1 14.0  3 16.0
18.0 1 18.0  3 8.0
21.0 1 21.0  1 14.0
17.0 1 17.0  1 8.0
13.0 1 13.0  4 12.0
18.0 1 18.0  3 15.0
12.0 1 12.0  2 15.0
13.0 1 13.0  7 9.0
20.0 1 20.0  7 8.0
10.0 1 10.0  8 12.0
31.0 1 31.0  0 7.0
19.0 1 19.0  1 7.0
17.0 1 17.0  2 7.0
14.0 1 14.0  3 7.0
28.0 1 28.0  4 7.0
291.0 1 291.0  5 7.0
111.0 1 111.0  6 7.0
27.0 1 27.0  7 7.0
64.0 1 64.0  8 7.0
281.0 1 281.0  9 7.0
341.0 1 341.0  0 10000.0

19.0 1 19.0  8 12.0
27.0 1 27.0  2 15.0
18.0 1 18.0  7 9.0
16.0 1 16.0  4 12.0
27.0 1 27.0  3 7.0
23.0 1 23.0  3 16.0
15.0 1 15.0  2 7.0
21.0 1 21.0  1 8.0
25.0 1 25.0  3 15.0
22.0 1 22.0  3 8.0
21.0 1 21.0  0 10.0
25.0 1 25.0  1 10.0
24.0 1 24.0  2 10.0
31.0 1 31.0  3 10.0
13.0 1 13.0  4 10.0
298.0 1 298.0  5 10.0
70.0 1 70.0  6 10.0
21.0 1 21.0  7 10.0
24.0 1 24.0  8 10.0
334.0 1 334.0  9 10.0
340.0 1 340.0  0 10000.0

17.0 1 17.0  4 10.0
20.0 1 20.0  2 7.0
29.0 1 29.0  4 12.0
15.0 1 15.0  7 9.0
14.0 1 14.0  8 12.0
20.0 1 20.0  7 10.0
24.0 1 24.0  0 10.0
19.0 1 19.0  1 8.0
18.0 1 18.0  3 8.0
24.0 1 24.0  3 16.0
32.0 1 32.0  0 13.0
48.0 1 48.0  1 13.0
13.0 1 13.0  2 13.0
153.0 1 153.0  3 13.0
29.0 1 29.0  4 13.0
307.0 1 307.0  5 13.0
76.0 1 76.0  6 13.0
24.0 1 24.0  7 13.0
27.0 1 27.0  8 13.0
14.0 1 14.0  9 13.0
349.0 1 349.0  0 10000.0

16.0 1 16.0  2 13.0
17.0 1 17.0  9 13.0
16.0 1 16.0  8 12.0
17.0 1 17.0  7 9.0
24.0 1 24.0  4 10.0
38.0 1 38.0  3 8.0
26.0 1 26.0  1 8.0
22.0 1 22.0  7 10.0
17.0 1 17.0  2 7.0
12.0 1 12.0  7 13.0
15.0 1 15.0  0 13.0
55.0 1 55.0  1 13.0
352.0 1 352.0  2 13.0
31.0 1 31.0  3 13.0
18.0 1 18.0  4 13.0
303.0 1 303.0  5 13.0
70.0 1 70.0  6 13.0
23.0 1 23.0  7 13.0
13.0 1 13.0  8 13.0
32.0 1 32.0  9 13.0
334.0 1 334.0  0 10000.0

22.0 1 22.0  7 13.0
13.0 1 13.0  8 13.0
13.0 1 13.0  0 13.0
16.0 1 16.0  8 12.0
18.0 1 18.0  2 13.0
37.0 1 37.0  2 7.0
17.0 1 17.0  7 9.0
12.0 1 12.0  9 13.0
27.0 1 27.0  4 13.0
21.0 1 21.0  7 10.0
29.0 1 29.0  0 12.0
21.0 1 21.0  1 12.0
14.0 1 14.0  2 12.0
27.0 1 27.0  3 12.0
18.0 1 18.0  4 12.0
305.0 1 305.0  5 12.0
58.0 1 58.0  6 12.0
28.0 1 28.0  7 12.0
22.0 1 22.0  8 12.0
345.0 1 345.0  9 12.0
343.0 1 343.0  0 10000.0

19.0 1 19.0  9 13.0
27.0 1 27.0  0 13.0
13.0 1 13.0  8 13.0
16.0 1 16.0  2 12.0
15.0 1 15.0  8 12.0
28.0 1 28.0  7 9.0
20.0 1 20.0  4 12.0
18.0 1 18.0  2 13.0
18.0 1 18.0  1 12.0
23.0 1 23.0  7 10.0
49.0 1 49.0  0 12.0
16.0 1 16.0  1 12.0
340.0 1 340.0  2 12.0
28.0 1 28.0  3 12.0
13.0 1 13.0  4 12.0
279.0 1 279.0  5 12.0
104.0 1 104.0  6 12.0
20.0 1 20.0  7 12.0
16.0 1 16.0  8 12.0
71.0 1 71.0  9 12.0
345.0 1 345.0  0 10000.0

15.0 1 15.0  4 12.0
16.0 1 16.0  8 13.0
20.0 1 20.0  8 12.0
23.0 1 23.0  8 12.0
27.0 1 27.0  1 12.0
21.0 1 21.0  2 12.0
20.0 1 20.0  1 12.0
13.0 1 13.0  2 13.0
19.0 1 19.0  9 13.0
22.0 1 22.0  7 12.0
28.0 1 28.0  0 13.0
15.0 1 15.0  1 13.0
34.0 1 34.0  2 13.0
8.0 1 8.0  3 13.0
67.0 1 67.0  4 13.0
292.0 1 292.0  5 13.0
107.0 1 107.0  6 13.0
17.0 1 17.0  7 13.0
25.0 1 25.0  8 13.0
24.0 1 24.0  9 13.0
345.0 1 345.0  0 10000.0

19.0 1 19.0  3 13.0
23.0 1 23.0  2 13.0
12.0 1 12.0  1 13.0
12.0 1 12.0  4 12.0
18.0 1 18.0  8 13.0
11.0 1 11.0  7 13.0
33.0 1 33.0  9 13.0
19.0 1 19.0  1 12.0
11.0 1 11.0  8 12.0
36.0 1 36.0  2 12.0
16.0 1 16.0  0 8.0
22.0 1 22.0  1 8.0
8.0 1 8.0  2 8.0
22.0 1 22.0  3 8.0
23.0 1 23.0  4 8.0
293.0 1 293.0  5 8.0
68.0 1 68.0  6 8.0
9.0 1 9.0  7 8.0
60.0 1 60.0  8 8.0
51.0 1 51.0  9 8.0
344.0 1 344.0  0 10000.0

9.0 1 9.0  2 8.0
27.0 1 27.0  7 8.0
18.0 1 18.0  8 12.0
10.0 1 10.0  7 13.0
20.0 1 20.0  4 12.0
11.0 1 11.0  1 13.0
15.0 1 15.0  0 8.0
9.0 1 9.0  8 13.0
21.0 1 21.0  1 12.0
15.0 1 15.0  3 13.0
20.0 1 20.0  0 8.0
13.0 1 13.0  1 8.0
25.0 1 25.0  2 8.0
13.0 1 13.0  3 8.0
21.0 1 21.0  4 8.0
285.0 1 285.0  5 8.0
65.0 1 65.0  6 8.0
25.0 1 25.0  7 8.0
68.0 1 68.0  8 8.0
23.0 1 23.0  9 8.0
353.0 1 353.0  0 10000.0

19.0 1 19.0  8 13.0
16.0 1 16.0  2 8.0
14.0 1 14.0  7 13.0
18.0 1 18.0  1 13.0
21.0 1 21.0  3 8.0
21.0 1 21.0  1 8.0
15.0 1 15.0  3 13.0
17.0 1 17.0  0 8.0
26.0 1 26.0  8 12.0
25.0 1 25.0  0 8.0
11.0 1 11.0  0 9.0
13.0 1 13.0  1 9.0
12.0 1 12.0  2 9.0
135.0 1 135.0  3 9.0
8.0 1 8.0  4 9.0
296.0 1 296.0  5 9.0
69.0 1 69.0  6 9.0
19.0 1 19.0  7 9.0
15.0 1 15.0  8 9.0
16.0 1 16.0  9 9.0
343.0 1 343.0  0 10000.0

19.0 1 19.0  4 9.0
21.0 1 21.0  0 9.0
10.0 1 10.0  2 9.0
23.0 1 23.0  1 9.0
13.0 1 13.0  7 13.0
12.0 1 12.0  8 9.0
26.0 1 26.0  3 13.0
33.0 1 33.0  9 9.0
8.0 1 8.0  2 8.0
11.0 1 11.0  0 8.0
14.0 1 14.0  0 8.0
12.0 1 12.0  1 8.0
18.0 1 18.0  2 8.0
27.0 1 27.0  3 8.0
20.0 1 20.0  4 8.0
302.0 1 302.0  5 8.0
75.0 1 75.0  6 8.0
19.0 1 19.0  7 8.0
13.0 1 13.0  8 8.0
14.0 1 14.0  9 8.0
346.0 1 346.0  0 10000.0

19.0 1 19.0  2 8.0
8.0 1 8.0  2 9.0
9.0 1 9.0  0 8.0
10.0 1 10.0  1 8.0
15.0 1 15.0  8 9.0
19.0 1 19.0  8 8.0
13.0 1 13.0  7 13.0
15.0 1 15.0  9 8.0
14.0 1 14.0  0 8.0
12.0 1 12.0  2 8.0
25.0 1 25.0  0 8.0
17.0 1 17.0  1 8.0
343.0 1 343.0  2 8.0
15.0 1 15.0  3 8.0
38.0 1 38.0  4 8.0
284.0 1 284.0  5 8.0
90.0 1 90.0  6 8.0
64.0 1 64.0  7 8.0
21.0 1 21.0  8 8.0
17.0 1 17.0  9 8.0
337.0 1 337.0  0 10000.0

14.0 1 14.0  2 9.0
15.0 1 15.0  0 8.0
14.0 1 14.0  1 8.0
16.0 1 16.0  2 8.0
14.0 1 14.0  7 13.0
19.0 1 19.0  0 8.0
13.0 1 13.0  3 8.0
14.0 1 14.0  9 8.0
19.0 1 19.0  8 9.0
21.0 1 21.0  9 8.0
13.0 1 13.0  0 8.0
11.0 1 11.0  1 8.0
342.0 1 342.0  2 8.0
15.0 1 15.0  3 8.0
16.0 1 16.0  4 8.0
290.0 1 290.0  5 8.0
80.0 1 80.0  6 8.0
21.0 1 21.0  7 8.0
17.0 1 17.0  8 8.0
53.0 1 53.0  9 8.0
342.0 1 342.0  0 10000.0

8.0 1 8.0  1 8.0
19.0 1 19.0  0 8.0
22.0 1 22.0  3 8.0
20.0 1 20.0  9 8.0
21.0 1 21.0  7 13.0
15.0 1 15.0  1 8.0
6.0 1 6.0  2 9.0
15.0 1 15.0  3 8.0
18.0 1 18.0  0 8.0
27.0 1 27.0  4 8.0
22.0 1 22.0  0 11.0
22.0 1 22.0  1 11.0
9.0 1 9.0  2 11.0
12.0 1 12.0  3 11.0
12.0 1 12.0  4 11.0
301.0 1 301.0  5 11.0
88.0 1 88.0  6 11.0
18.0 1 18.0  7 11.0
28.0 1 28.0  8 11.0
17.0 1 17.0  9 11.0
345.0 1 345.0  0 10000.0

23.0 1 23.0  2 9.0
13.0 1 13.0  1 8.0
10.0 1 10.0  2 11.0
10.0 1 10.0  4 11.0
8.0 1 8.0  3 11.0
22.0 1 22.0  3 8.0
13.0 1 13.0  1 8.0
9.0 1 9.0  9 11.0
22.0 1 22.0  7 11.0
15.0 1 15.0  0 8.0
15.0 1 15.0  0 6.0
11.0 1 11.0  1 6.0
13.0 1 13.0  2 6.0
22.0 1 22.0  3 6.0
13.0 1 13.0  4 6.0
295.0 1 295.0  5 6.0
54.0 1 54.0  6 6.0
7.0 1 7.0  7 6.0
19.0 1 19.0  8 6.0
58.0 1 58.0  9 6.0
340.0 1 340.0  0 10000.0

13.0 1 13.0  7 6.0
21.0 1 21.0  3 11.0
24.0 1 24.0  9 11.0
16.0 1 16.0  4 11.0
8.0 1 8.0  2 11.0
14.0 1 14.0  1 6.0
24.0 1 24.0  4 6.0
19.0 1 19.0  2 6.0
12.0 1 12.0  1 8.0
10.0 1 10.0  1 8.0
24.0 1 24.0  0 7.0
19.0 1 19.0  1 7.0
348.0 1 348.0  2 7.0
10.0 1 10.0  3 7.0
21.0 1 21.0  4 7.0
304.0 1 304.0  5 7.0
69.0 1 69.0  6 7.0
13.0 1 13.0  7 7.0
22.0 1 22.0  8 7.0
34.0 1 34.0  9 7.0
340.0 1 340.0  0 10000.0

10.0 1 10.0  2 11.0
19.0 1 19.0  3 7.0
23.0 1 23.0  1 8.0
19.0 1 19.0  1 8.0
12.0 1 12.0  7 7.0
14.0 1 14.0  7 6.0
20.0 1 20.0  1 6.0
25.0 1 25.0  4 11.0
33.0 1 33.0  1 7.0
15.0 1 15.0  2 6.0
17.0 1 17.0  0 8.0
33.0 1 33.0  1 8.0
16.0 1 16.0  2 8.0
13.0 1 13.0  3 8.0
21.0 1 21.0  4 8.0
293.0 1 293.0  5 8.0
69.0 1 69.0  6 8.0
12.0 1 12.0  7 8.0
63.0 1 63.0  8 8.0
15.0 1 15.0  9 8.0
338.0 1 338.0  0 10000.0

16.0 1 16.0  2 11.0
22.0 1 22.0  7 8.0
21.0 1 21.0  7 7.0
13.0 1 13.0  3 8.0
19.0 1 19.0  7 6.0
10.0 1 10.0  9 8.0
15.0 1 15.0  2 6.0
13.0 1 13.0  2 8.0
25.0 1 25.0  0 8.0
12.0 1 12.0  1 8.0
27.0 1 27.0  0 10.0
159.0 1 159.0  1 10.0
338.0 1 338.0  2 10.0
10.0 1 10.0  3 10.0
5.0 1 5.0  4 10.0
291.0 1 291.0  5 10.0
67.0 1 67.0  6 10.0
24.0 1 24.0  7 10.0
28.0 1 28.0  8 10.0
14.0 1 14.0  9 10.0
339.0 1 339.0  0 10000.0

10.0 1 10.0  4 10.0
9.0 1 9.0  3 10.0
13.0 1 13.0  9 8.0
16.0 1 16.0  1 8.0
17.0 1 17.0  2 8.0
14.0 1 14.0  3 8.0
17.0 1 17.0  9 10.0
18.0 1 18.0  2 6.0
8.0 1 8.0  2 11.0
31.0 1 31.0  7 6.0
13.0 1 13.0  0 5.0
42.0 1 42.0  1 5.0
22.0 1 22.0  2 5.0
17.0 1 17.0  3 5.0
23.0 1 23.0  4 5.0
279.0 1 279.0  5 5.0
88.0 1 88.0  6 5.0
96.0 1 96.0  7 5.0
44.0 1 44.0  8 5.0
353.0 1 353.0  9 5.0
337.0 1 337.0  0 10000.0

22.0 1 22.0  2 11.0
13.0 1 13.0  3 10.0
21.0 1 21.0  4 10.0
19.0 1 19.0  0 5.0
20.0 1 20.0  9 8.0
11.0 1 11.0  3 8.0
19.0 1 19.0  1 8.0
8.0 1 8.0  3 5.0
14.0 1 14.0  9 10.0
16.0 1 16.0  2 8.0
17.0 1 17.0  0 8.0
17.0 1 17.0  1 8.0
15.0 1 15.0  2 8.0
15.0 1 15.0  3 8.0
13.0 1 13.0  4 8.0
282.0 1 282.0  5 8.0
75.0 1 75.0  6 8.0
31.0 1 31.0  7 8.0
21.0 1 21.0  8 8.0
23.0 1 23.0  9 8.0
341.0 1 341.0  0 10000.0

17.0 1 17.0  3 5.0
22.0 1 22.0  3 8.0
13.0 1 13.0  4 8.0
6.0 1 6.0  3 10.0
19.0 1 19.0  9 10.0
18.0 1 18.0  3 8.0
28.0 1 28.0  2 8.0
17.0 1 17.0  2 8.0
21.0 1 21.0  1 8.0
23.0 1 23.0  0 8.0
11.0 1 11.0  0 8.0
312.0 1 312.0  1 8.0
13.0 1 13.0  2 8.0
10.0 1 10.0  3 8.0
9.0 1 9.0  4 8.0
305.0 1 305.0  5 8.0
76.0 1 76.0  6 8.0
8.0 1 8.0  7 8.0
24.0 1 24.0  8 8.0
51.0 1 51.0  9 8.0
343.0 1 343.0  0 10000.0

10.0 1 10.0  3 10.0
20.0 1 20.0  7 8.0
11.0 1 11.0  4 8.0
23.0 1 23.0  3 8.0
20.0 1 20.0  0 8.0
15.0 1 15.0  2 8.0
18.0 1 18.0  4 8.0
17.0 1 17.0  2 8.0
15.0 1 15.0  3 5.0
18.0 1 18.0  3 8.0
15.0 1 15.0  0 6.0
28.0 1 28.0  1 6.0
22.0 1 22.0  2 6.0
128.0 1 128.0  3 6.0
13.0 1 13.0  4 6.0
295.0 1 295.0  5 6.0
78.0 1 78.0  6 6.0
9.0 1 9.0  7 6.0
11.0 1 11.0  8 6.0
276.0 1 276.0  9 6.0
349.0 1 349.0  0 10000.0

16.0 1 16.0  7 6.0
19.0 1 19.0  3 10.0
21.0 1 21.0  8 6.0
13.0 1 13.0  4 8.0
8.0 1 8.0  4 6.0
18.0 1 18.0  0 6.0
16.0 1 16.0  3 5.0
18.0 1 18.0  2 8.0
12.0 1 12.0  2 8.0
9.0 1 9.0  3 8.0
10.0 1 10.0  0 9.0
12.0 1 12.0  1 9.0
338.0 1 338.0  2 9.0
17.0 1 17.0  3 9.0
10.0 1 10.0  4 9.0
293.0 1 293.0  5 9.0
74.0 1 74.0  6 9.0
8.0 1 8.0  7 9.0
25.0 1 25.0  8 9.0
340.0 1 340.0  9 9.0
347.0 1 347.0  0 10000.0

15.0 1 15.0  7 9.0
18.0 1 18.0  4 6.0
18.0 1 18.0  3 8.0
25.0 1 25.0  4 9.0
20.0 1 20.0  0 9.0
13.0 1 13.0  1 9.0
8.0 1 8.0  2 8.0
17.0 1 17.0  4 8.0
9.0 1 9.0  3 5.0
17.0 1 17.0  7 6.0
22.0 1 22.0  0 8.0
14.0 1 14.0  1 8.0
12.0 1 12.0  2 8.0
11.0 1 11.0  3 8.0
20.0 1 20.0  4 8.0
297.0 1 297.0  5 8.0
67.0 1 67.0  6 8.0
17.0 1 17.0  7 8.0
13.0 1 13.0  8 8.0
10.0 1 10.0  9 8.0
336.0 1 336.0  0 10000.0

13.0 1 13.0  2 8.0
16.0 1 16.0  3 5.0
25.0 1 25.0  9 8.0
19.0 1 19.0  3 8.0
17.0 1 17.0  2 8.0
5.0 1 5.0  8 8.0
13.0 1 13.0  1 9.0
21.0 1 21.0  1 8.0
9.0 1 9.0  7 9.0
12.0 1 12.0  7 8.0
14.0 1 14.0  0 8.0
18.0 1 18.0  1 8.0
21.0 1 21.0  2 8.0
7.0 1 7.0  3 8.0
13.0 1 13.0  4 8.0
288.0 1 288.0  5 8.0
89.0 1 89.0  6 8.0
12.0 1 12.0  7 8.0
6.0 1 6.0  8 8.0
4.0 1 4.0  9 8.0
349.0 1 349.0  0 10000.0

14.0 1 14.0  9 8.0
10.0 1 10.0  8 8.0
14.0 1 14.0  8 8.0
18.0 1 18.0  3 8.0
18.0 1 18.0  7 9.0
19.0 1 19.0  7 8.0
7.0 1 7.0  7 8.0
23.0 1 23.0  4 8.0
10.0 1 10.0  1 9.0
21.0 1 21.0  2 8.0
13.0 1 13.0  0 4.0
26.0 1 26.0  1 4.0
13.0 1 13.0  2 4.0
13.0 1 13.0  3 4.0
13.0 1 13.0  4 4.0
291.0 1 291.0  5 4.0
194.0 1 194.0  6 4.0
16.0 1 16.0  7 4.0
35.0 1 35.0  8 4.0
20.0 1 20.0  9 4.0
342.0 1 342.0  0 10000.0

22.0 1 22.0  7 8.0
20.0 1 20.0  1 9.0
23.0 1 23.0  8 8.0
13.0 1 13.0  4 4.0
16.0 1 16.0  3 4.0
19.0 1 19.0  2 4.0
12.0 1 12.0  0 4.0
13.0 1 13.0  8 8.0
16.0 1 16.0  9 8.0
6.0 1 6.0  7 4.0
19.0 1 19.0  0 7.0
11.0 1 11.0  1 7.0
18.0 1 18.0  2 7.0
13.0 1 13.0  3 7.0
12.0 1 12.0  4 7.0
298.0 1 298.0  5 7.0
64.0 1 64.0  6 7.0
13.0 1 13.0  7 7.0
23.0 1 23.0  8 7.0
344.0 1 344.0  9 7.0
345.0 1 345.0  0 10000.0

16.0 1 16.0  7 4.0
17.0 1 17.0  1 7.0
6.0 1 6.0  4 7.0
22.0 1 22.0  0 4.0
8.0 1 8.0  7 7.0
11.0 1 11.0  3 7.0
15.0 1 15.0  8 8.0
11.0 1 11.0  4 4.0
21.0 1 21.0  9 8.0
23.0 1 23.0  3 4.0
10.0 1 10.0  0 6.0
5.0 1 5.0  1 6.0
9.0 1 9.0  2 6.0
41.0 1 41.0  3 6.0
16.0 1 16.0  4 6.0
298.0 1 298.0  5 6.0
67.0 1 67.0  6 6.0
14.0 1 14.0  7 6.0
27.0 1 27.0  8 6.0
345.0 1 345.0  9 6.0
352.0 1 352.0  0 10000.0

12.0 1 12.0  1 6.0
15.0 1 15.0  4 7.0
0.0 1 0.0  7 7.0
16.0 1 16.0  2 6.0
7.0 1 7.0  0 6.0
15.0 1 15.0  4 4.0
13.0 1 13.0  3 7.0
17.0 1 17.0  7 6.0
13.0 1 13.0  8 8.0
14.0 1 14.0  4 6.0
20.0 1 20.0  0 5.0
9.0 1 9.0  1 5.0
17.0 1 17.0  2 5.0
19.0 1 19.0  3 5.0
14.0 1 14.0  4 5.0
298.0 1 298.0  5 5.0
108.0 1 108.0  6 5.0
14.0 1 14.0  7 5.0
64.0 1 64.0  8 5.0
347.0 1 347.0  9 5.0
353.0 1 353.0  0 10000.0

