152.44,129.65,125.08,114.71,107.35,103.41,105.63,104.36,99.32,96.66,96.53,96.36,93.04,89.77,91.17,88.3,89.55,89.49,84.8,83.83
554.85,527.98,509.79,500.41,494.82,485.88,484.05,477.53,470.9,470.49,467.26,463.89,461.78,457.14,455.94,456.59,453.69,453.83,450.1,445.72
1009.36,975.9,957.22,938.89,923.82,915.62,912.53,909.98,901.72,899.96,886.52,887.92,894.27,885.77,887.23,881.93,875.02,872.82,876.12,867.49
1401.32,1369.47,1348.58,1327.59,1309.48,1307.38,1304.94,1289.41,1286.88,1289.75,1271.47,1267.09,1265.84,1259.22,1264.52,1251.73,1248.63,1251.93,1250.99,1249.04
1866.87,1811.63,1805.01,1775.15,1764.41,1755.98,1747.94,1737.72,1732.48,1725.3,1718.27,1717.88,1707.54,1707.61,1701.3,1702.85,1699.51,1689.9,1688.27,1697.85
2309.35,2258.64,2233.37,2214.9,2192.66,2188.74,2184.01,2171.89,2158.22,2139.86,2143.05,2131.66,2154.82,2148.08,2128.42,2129.22,2128.86,2129.8,2118.03,2119.02
2737.47,2670.77,2636.11,2615.59,2612.88,2564.5,2567.64,2550.15,2567.91,2553.43,2534.54,2528.81,2535.92,2514.39,2527.48,2512.41,2511.69,2508.71,2504.07,2503.06
3254.07,3197.04,3183.79,3141,3130.79,3098.01,3093.15,3068.06,3085.26,3075.51,3066.11,3049.81,3045.35,3028.13,3032.08,3031.11,3019.51,3034.09,3014.68,3014
3624.33,3583.05,3543.03,3525.34,3499.73,3482.3,3485.82,3451.47,3443.41,3445.17,3451.38,3434.76,3428.28,3425.51,3399.01,3419.33,3405.02,3387.23,3417.5,3394.57
4100.64,4046.13,4002.42,4001.88,3944.37,3946.29,3927.12,3934.65,3923.05,3900.21,3902.24,3891.9,3907.89,3885.32,3884.99,3855.51,3871.02,3868.86,3872.18,3837.25
